MSB---->0000 00		00 000		0 0000		0000 0		000 00 		00 0000



opcode 	1111 11 	00 000		0 0000		0000 0		000 00		00 0000
rs      0000 00         11 111  	0 0000		0000 0		000 00		00 0000
rt 	0000 00		00 000		1 1111		0000 0		000 00		00 0000
rd      0000 00		00 000		0 0000		1111 1		000 00		00 0000
shamt   0000 00 	00 000		0 0000		0000 0		111 11		00 0000
funct   0000 00		00 000		0 0000		0000 0		000 00		11 1111
imm  	0000 00		00 000 		0 0000		1111 1		111 11		11 1111
j       0000 00		11 111		1 1111		1111 1		111 11		11 1111
